Converse,35,60,45,45,1
Arms,90,20,45,45,1
MoPratt,90,75,45,45,1
Frost,200,130,150,115,2
Oct,20,165,45,45,3
Will,75,165,60,30,3
North,75,205,60,45,3
JChap,75,260,60,45,3
South,75,315,60,45,3
Apple,75,370,60,30,3
Kirby,60,410,60,45,3
Webs,130,410,30,45,3
Gym,90,465,90,60,3
Gros,390,15,45,45,4
Val,445,15,120,45,4
Morrow,390,70,45,75,4
Bar,410,155,45,45,4
Chap,465,135,60,45,4
Moore,575,15,45,45,4
Fayer,555,70,45,75,4
KHC,630,15,45,45,4
James,405,240,45,45,5
Mead,460,240,45,60,5
Stea,405,295,45,45,5
STRN,460,310,45,30,5
ChuckP,405,365,70,45,5
Merr,485,365,45,100,5
Smudd,405,420,30,45,5
McG,445,420,30,45,5
Jenk,705,150,30,45,6
Bnsk,630,195,45,30,6
Keefe,580,240,45,45,6
SCCEC,675,265,45,45,6
SCCEA,730,265,30,45,6
SCCEB,730,320,30,45,6
SCCEE,730,375,30,45,6
SCCED,675,375,45,45,6
Ford,485,480,45,45,7
GWayB,400,515,45,45,7
GWayC,455,535,45,45,7
GWayD,510,535,45,45,7
King,710,460,45,45,7
Wie,710,515,45,45,7